num1 <- 10
num2 <- 10
m <- num1*num2
m